SYSTEM   = NiO

ISTART   = 0

ISPIN    = 2
MAGMOM   = 2.0 -2.0 2*0 

ENMAX    = 250.0
EDIFF    = 1E-3

ISMEAR   = -5

AMIX     = 0.2
BMIX     = 0.00001
AMIX_MAG = 0.8
BMIX_MAG = 0.00001

LORBIT   = 11
